bahbpawkah@Roberts-MBP ~/Documents/fitchburgstate/classes/spring-2022/machine-learning/final-project $ python3 final.py hills.png 12 true
reading image
flattening image
running k-means numberOfClusters = 12
[[93.12825520833333, 117.3891015625, 96.22018229166666], [92.96891927083334, 117.41669270833333, 96.0326171875], [93.03234375, 117.2918359375, 96.12536458333334], [92.88876302083334, 117.311875, 96.02384114583333], [93.0969140625, 117.36182291666667, 96.20365885416666], [92.94046875, 117.3867578125, 96.00868489583333], [93.04153645833334, 117.29997395833334, 96.12514322916667], [92.91048177083333, 117.3321484375, 96.0463671875], [93.1193359375, 117.37752604166667, 96.22921875], [92.90688802083334, 117.35135416666667, 95.992734375], [92.95944010416666, 117.21802083333333, 96.07217447916666], [92.87537760416667, 117.29764322916667, 96.00744791666666]]
[[191.10649356107436, 193.66409366474159, 193.5267766146346], [116.43706827601251, 148.14942194430307, 55.61906493128772], [0, 0, 0], [76.25, 118.75, 109.75], [0, 0, 0], [106.07746648470739, 139.0614915308662, 38.50951272376977], [0, 0, 0], [79.83333333333333, 121.16666666666667, 108.33333333333333], [83.41110253225463, 115.35412400550538, 162.31299025367306], [84.67896004651548, 121.61369299775728, 20.604691004236233], [29.251608197622975, 75.64329100605018, 140.17839634598369], [29.813098685021934, 60.848724665088774, 11.277135004023046]]
[[198.62263540372422, 200.36827575736996, 200.15592052958965], [118.52206410809256, 149.18226246945522, 60.35245076900963], [2.018083085894658, 15.648503330390819, 0.9931252173447824], [61.51063829787234, 100.75531914893617, 104.3], [0, 0, 0], [102.16392649903288, 135.53550704614534, 36.81697292069632], [0, 0, 0], [112.87975951903807, 133.82264529058116, 113.42585170340682], [97.59339845228413, 123.11726242722433, 158.79124356796018], [74.1837799788113, 111.84955311751196, 16.804153838496596], [25.422341823113108, 71.78104208162054, 137.79233589015553], [31.766764603769282, 66.52407231800022, 6.353356029868225]]
[[205.00183062647105, 205.94425156234502, 204.9919650828291], [118.43079096045197, 149.2346862920012, 59.40863812072554], [5.016101671347924, 27.506437887594206, 1.6500458855919242], [61.88989361702128, 95.69095744680851, 123.65851063829787], [0.4163683893022321, 2.1622762919766743, 0.6774180575105571], [98.22317065497788, 132.52245129087058, 32.87728864746964], [0, 0, 0], [142.74850773993808, 149.05134365325077, 147.33577708978328], [97.04586529466792, 124.0822076707203, 163.9265668849392], [69.74188261351053, 107.67868586194167, 14.968453303802141], [27.029672787075942, 73.2798708396426, 138.89608006337681], [32.93268010356907, 68.21600370614814, 6.397198812001828]]
[[214.68754998667023, 214.61937927663735, 212.3011474717853], [116.9249798499597, 147.84152768305538, 58.336722673445344], [7.8016831177002635, 33.95645391744334, 2.1925098640659613], [57.877422348381465, 100.03515475735576, 153.86462143130083], [0.5735339387409574, 7.101277512698168, 0.7287979067261813], [95.04549276824756, 130.02706020854356, 29.780844265052135], [0.29874776386404295, 0.2953582525185952, 0.36936258356087], [149.76785051130858, 157.0602429281813, 163.06884776681792], [87.93819863152903, 117.52299979676174, 163.52005284194837], [66.97441346214164, 105.04898532087071, 13.952637852079544], [22.26820451843044, 69.0153983353151, 136.29310344827587], [34.22651713285163, 69.86341740916411, 6.603801882471149]]
compressing
reshaping
saving
bahbpawkah@Roberts-MBP ~/Documents/fitchburgstate/classes/spring-2022/machine-learning/final-project $ python3 final.py hills.png 12 false
reading image
flattening image
running k-means numberOfClusters = 12
compressing
reshaping
saving
bahbpawkah@Roberts-MBP ~/Documents/fitchburgstate/classes/spring-2022/machine-learning/final-project $ python3 final.py hills.png 64 false
reading image
flattening image
running k-means numberOfClusters = 64
compressing
reshaping
saving
bahbpawkah@Roberts-MBP ~/Documents/fitchburgstate/classes/spring-2022/machine-learning/final-project $ python3 final.py hills.png 64 true
reading image
flattening image
running k-means numberOfClusters = 64
[[94.58840277777777, 118.61916666666667, 97.67069444444445], [94.22111111111111, 118.47506944444444, 97.26333333333334], [94.42631944444445, 118.40451388888889, 97.44604166666667], [94.35770833333333, 118.45388888888888, 97.41180555555556], [94.4004861111111, 118.24576388888889, 97.450625], [94.15055555555556, 118.10444444444444, 97.2695138888889], [94.11479166666666, 117.87875, 97.29715277777778], [94.12270833333334, 118.04701388888888, 97.24111111111111], [94.31972222222223, 118.1361111111111, 97.32451388888889], [94.29152777777777, 118.31986111111111, 97.18555555555555], [94.46777777777778, 118.38, 97.32784722222222], [94.40451388888889, 118.47916666666667, 97.20479166666667], [94.55597222222222, 118.45256944444445, 97.3307638888889], [94.446875, 118.51972222222223, 97.16694444444444], [94.47284722222223, 118.34243055555555, 97.19527777777778], [94.42381944444445, 118.48493055555555, 97.18090277777777], [94.4120138888889, 118.47006944444445, 97.16104166666666], [94.18034722222222, 118.46861111111112, 96.90145833333334], [94.37159722222222, 118.46923611111112, 97.07006944444444], [94.34902777777778, 118.62486111111112, 97.03798611111111], [94.46048611111111, 118.61180555555555, 97.11770833333334], [94.33097222222223, 118.67027777777778, 96.89368055555556], [94.42027777777778, 118.61395833333333, 96.92020833333333], [94.25673611111111, 118.60645833333334, 96.77986111111112], [94.37395833333333, 118.56493055555555, 96.83611111111111], [94.25479166666666, 118.61180555555555, 96.69243055555556], [94.09486111111111, 118.263125, 96.68638888888889], [93.82020833333333, 118.11090277777778, 96.52229166666666], [93.851875, 117.95159722222222, 96.56458333333333], [93.54513888888889, 117.81034722222222, 96.27923611111112], [93.60104166666666, 117.6595138888889, 96.341875], [93.29548611111112, 117.56069444444445, 96.18645833333333], [93.09284722222222, 117.38333333333334, 96.08673611111111], [92.93625, 117.47791666666667, 95.89618055555556], [93.03409722222223, 117.36027777777778, 96.02472222222222], [92.97125, 117.48854166666666, 95.90291666666667], [93.11340277777778, 117.50805555555556, 95.92520833333333], [92.91576388888889, 117.4888888888889, 95.72076388888888], [92.93208333333334, 117.33368055555556, 95.85006944444444], [92.57972222222222, 117.15881944444445, 95.65756944444445], [92.35979166666667, 116.81986111111111, 95.595], [92.17125, 116.83319444444444, 95.33652777777777], [92.19527777777778, 116.75048611111112, 95.40673611111112], [92.00652777777778, 116.73201388888889, 95.29118055555556], [91.93375, 116.49840277777778, 95.23958333333333], [91.85770833333333, 116.60048611111111, 95.14347222222223], [91.84152777777778, 116.38444444444444, 95.20034722222222], [91.4925, 116.20986111111111, 94.97777777777777], [91.35888888888888, 116.05041666666666, 94.93923611111111], [91.111875, 116.00298611111111, 94.69527777777778], [91.231875, 115.91291666666666, 94.86881944444444], [91.15520833333333, 115.95618055555556, 94.85270833333334], [91.09854166666666, 115.70965277777778, 94.79833333333333], [91.02951388888889, 115.79097222222222, 94.68083333333334], [91.10451388888889, 115.68277777777777, 94.77805555555555], [91.05520833333334, 115.79527777777778, 94.781875], [91.06541666666666, 115.62798611111111, 94.82701388888889], [90.79895833333333, 115.54048611111111, 94.57138888888889], [90.82965277777778, 115.4025, 94.66131944444444], [90.6979861111111, 115.41375, 94.55777777777777], [90.85180555555556, 115.36868055555556, 94.61583333333333], [90.7775, 115.44388888888889, 94.48493055555555], [91.03916666666667, 115.4804861111111, 94.64604166666666], [91.27604166666667, 115.89986111111111, 94.82715277777778]]
[[172.99405406644544, 180.18823822705156, 188.47696702944026], [85.5, 124.16666666666667, 102.16666666666667], [0, 0, 0], [0, 0, 0], [0, 0, 0], [0, 0, 0], [61.369306504803326, 103.3238063375233, 157.70400994121303], [0, 0, 0], [0, 0, 0], [0, 0, 0], [0, 0, 0], [0, 0, 0], [0, 0, 0], [0, 0, 0], [100.0, 114.0, 97.0], [0, 0, 0], [0, 0, 0], [0, 0, 0], [0, 0, 0], [0, 0, 0], [0, 0, 0], [115.26923076923077, 151.90384615384616, 82.38461538461539], [134.46774193548387, 159.2571157495256, 76.96679316888046], [0, 0, 0], [0, 0, 0], [116.7181886227545, 148.2619011976048, 55.52851796407186], [0, 0, 0], [0, 0, 0], [0, 0, 0], [0, 0, 0], [96.0, 115.0, 96.0], [0, 0, 0], [0, 0, 0], [82.0, 126.0, 101.0], [0, 0, 0], [0, 0, 0], [0, 0, 0], [107.88042131350682, 140.12747831474599, 42.5092936802974], [0, 0, 0], [0, 0, 0], [0, 0, 0], [0, 0, 0], [0, 0, 0], [85.33333333333333, 125.0, 95.0], [0, 0, 0], [92.5, 124.0, 84.0], [0, 0, 0], [0, 0, 0], [0, 0, 0], [102.26458743895125, 136.85579641847315, 34.650501242395684], [0, 0, 0], [80.16666666666667, 120.66666666666667, 105.33333333333333], [0, 0, 0], [0, 0, 0], [0, 0, 0], [0, 0, 0], [71.0, 115.0, 124.0], [0, 0, 0], [53.42266080912727, 96.1546128122746, 152.5072454265294], [15.100162425554954, 46.745500730711456, 49.693638535971765], [0, 0, 0], [61.642201194987564, 98.67965498802687, 13.302520943280713], [98.0, 111.0, 93.0], [0, 0, 0]]
[[192.28734416022266, 194.9070915168644, 195.9968652712222], [102.48780487804878, 132.8780487804878, 118.97560975609755], [4.333532421509487, 21.981594298114636, 1.0951342849748154], [0, 0, 0], [0, 0, 0], [0, 0, 0], [78.20842018650576, 112.40666483817883, 162.04529621503016], [0, 0, 0], [0, 0, 0], [0, 0, 0], [0, 0, 0], [0, 0, 0], [0, 0, 0], [0, 0, 0], [132.35383655645666, 138.89943855271366, 139.96281971303804], [0, 0, 0], [0, 0, 0], [0, 0, 0], [0, 0, 0], [0, 0, 0], [0, 0, 0], [133.27926578010863, 144.1588312418056, 132.06106012361866], [135.10580357142857, 160.9674107142857, 77.04196428571429], [0, 0, 0], [0, 0, 0], [116.80533161345802, 148.28442437923252, 56.52198215629367], [0, 0, 0], [0, 0, 0], [0, 0, 0], [0, 0, 0], [97.77777777777777, 123.0, 95.22222222222223], [0, 0, 0], [0, 0, 0], [81.33333333333333, 123.66666666666667, 99.66666666666667], [0, 0, 0], [0, 0, 0], [0, 0, 0], [107.06871794871795, 138.61128205128205, 45.51067599067599], [0, 0, 0], [0, 0, 0], [0, 0, 0], [0, 0, 0], [0, 0, 0], [80.90654205607477, 120.69158878504673, 89.5233644859813], [0, 0, 0], [89.09030544488712, 122.76228419654714, 67.62284196547145], [0, 0, 0], [0, 0, 0], [0, 0, 0], [92.52760466805154, 128.21771292496328, 26.360743780716422], [0, 0, 0], [66.02758620689656, 107.33793103448276, 97.82758620689656], [0, 0, 0], [0, 0, 0], [0, 0, 0], [0, 0, 0], [108.26328502415458, 125.35420979986198, 152.891994478951], [0, 0, 0], [28.728878582572825, 75.06922567270085, 139.90987197845647], [19.454732673267326, 53.41889900990099, 17.45278415841584], [0, 0, 0], [54.60455734845181, 92.10036690115474, 10.629832761334118], [77.8, 98.5, 79.0], [0, 0, 0]]
[[207.90956244372498, 208.60466675606813, 207.32432134715225], [108.88976377952756, 134.46456692913387, 114.2992125984252], [4.840265369598306, 27.91124015617762, 1.4020581033684072], [0.4256948291029944, 3.5383988791502397, 0.6286859339871623], [0, 0, 0], [0, 0, 0], [68.16831610478093, 106.29432926113003, 159.60256372606602], [0, 0, 0], [0, 0, 0], [0, 0, 0], [0, 0, 0], [0, 0, 0], [0, 0, 0], [0, 0, 0], [144.92865281458438, 152.48601349361806, 158.277195273393], [0, 0, 0], [0, 0, 0], [0, 0, 0], [0, 0, 0], [0, 0, 0], [0, 0, 0], [145.20853858784892, 160.17733990147784, 131.34975369458127], [133.1788139429606, 159.99954730647352, 74.74422815753735], [0, 0, 0], [0, 0, 0], [117.44587433762301, 149.05612631123608, 57.183951551854655], [0, 0, 0], [0, 0, 0], [0, 0, 0], [0, 0, 0], [103.31698113207547, 133.8188679245283, 89.84150943396226], [0, 0, 0], [0, 0, 0], [82.65384615384616, 121.17948717948718, 105.71794871794872], [0, 0, 0], [0, 0, 0], [0, 0, 0], [105.66161052866384, 137.81485612313182, 42.145215257639975], [0, 0, 0], [0, 0, 0], [0, 0, 0], [0, 0, 0], [0, 0, 0], [82.24358974358974, 120.25641025641026, 87.05128205128206], [0, 0, 0], [87.66466346153847, 122.3818108974359, 53.83653846153846], [0, 0, 0], [0, 0, 0], [0, 0, 0], [86.16279497169742, 122.87885025362053, 21.888590752039992], [0, 0, 0], [54.34018264840183, 96.93150684931507, 105.8082191780822], [0, 0, 0], [0, 0, 0], [0, 0, 0], [0, 0, 0], [110.40804109533633, 130.78914371233265, 165.93940864781783], [0, 0, 0], [23.847167502890304, 70.3276312983354, 136.8945348014951], [23.950494639250014, 57.53616822913969, 5.360636038742425], [0, 0, 0], [54.38793385668949, 92.20821112410222, 10.328137631534993], [60.354354354354356, 96.33933933933933, 59.054054054054056], [0, 0, 0]]
[[216.7910815529332, 216.532812107694, 213.82600444929727], [124.38326585695006, 136.82321187584344, 129.54520917678812], [6.005824259306153, 31.132556765425846, 1.8814045749978898], [0.5700126362344021, 8.126994155741588, 0.5426867793397567], [0.41067632469884263, 0.32658845760176364, 0.8073380048815054], [0, 0, 0], [65.52058118291848, 104.58924697419502, 158.42257079241836], [0, 0, 0], [0, 0, 0], [0, 0, 0], [0, 0, 0], [0, 0, 0], [0, 0, 0], [0, 0, 0], [153.3543983084831, 160.06830775400095, 165.83772921147607], [0, 0, 0], [0, 0, 0], [0, 0, 0], [0, 0, 0], [0, 0, 0], [0, 0, 0], [135.05546111347218, 141.8620909477263, 136.7156821079473], [132.40887548470488, 159.71477811288239, 73.3015941404567], [0, 0, 0], [0, 0, 0], [116.85903451152122, 148.43519966635387, 56.663121676571784], [0, 0, 0], [0, 0, 0], [0, 0, 0], [0, 0, 0], [105.25667351129364, 136.65913757700204, 82.83367556468173], [0, 0, 0], [0, 0, 0], [80.37777777777778, 118.22222222222223, 110.83703703703704], [0, 0, 0], [0, 0, 0], [0, 0, 0], [104.31144668780243, 137.14708826964792, 37.58434840647422], [0, 0, 0], [0, 0, 0], [0, 0, 0], [0, 0, 0], [0, 0, 0], [82.98924731182795, 118.50537634408602, 84.29032258064517], [0, 0, 0], [86.84232804232805, 121.97060552616108, 45.0891240446796], [0, 0, 0], [0, 0, 0], [0, 0, 0], [82.87746378532415, 120.11622442475222, 18.62744191278481], [0, 0, 0], [51.4576, 91.3088, 114.6016], [0, 0, 0], [0, 0, 0], [0, 0, 0], [0, 0, 0], [108.83701591827037, 129.86274310151717, 165.59586600142552], [0, 0, 0], [22.101386523376593, 68.75649483052271, 136.13126394319573], [26.130150257018585, 60.20977659153816, 5.152075919335706], [0, 0, 0], [54.113946273538396, 91.9986131486336, 10.041725788220582], [60.85814735554876, 98.32039131763986, 40.39223479058392], [0, 0, 0]]
compressing
reshaping
saving
bahbpawkah@Roberts-MBP ~/Documents/fitchburgstate/classes/spring-2022/machine-learning/final-project $